15 15 1735139879
21 17 1735139879
37 18 1735139879
49 19 1735139879
112 20 1735139879
129 23 1735139879
132 24 1735139879
142 25 1735139879
15 15.0809 1735139909
21 17.0611 1735139909
37 17.818 1735139909
49 19.1824 1735139909
112 20.215 1735139909
129 22.769 1735139909
132 24.1722 1735139909
142 24.7601 1735139909
15 15.1469 1735139939
21 17.2922 1735139939
37 17.6471 1735139939
49 18.9374 1735139939
112 20.083 1735139939
129 22.5954 1735139939
132 24.3412 1735139939
142 25.0009 1735139939
15 15.1836 1735139969
21 17.1149 1735139969
37 17.5845 1735139969
49 18.8698 1735139969
112 19.8991 1735139969
129 22.7619 1735139969
132 24.358 1735139969
142 24.9767 1735139969
15 15.1857 1735139999
21 17.0459 1735139999
37 17.5454 1735139999
49 18.8359 1735139999
112 19.7107 1735139999
129 22.6085 1735139999
132 24.4623 1735139999
142 24.9217 1735139999
15 15.2163 1735140029
21 17.287 1735140029
37 17.3625 1735140029
49 18.6022 1735140029
112 19.9201 1735140029
129 22.4646 1735140029
132 24.5644 1735140029
142 24.9846 1735140029
15 15.3612 1735140059
21 17.4904 1735140059
37 17.3281 1735140059
49 18.6302 1735140059
112 19.697 1735140059
129 22.681 1735140059
132 24.4533 1735140059
142 25.0796 1735140059
15 15.2539 1735140089
21 17.3787 1735140089
37 17.1589 1735140089
49 18.6968 1735140089
112 19.9027 1735140089
129 22.7792 1735140089
132 24.6113 1735140089
142 25.1449 1735140089
15 15.3911 1735140119
21 17.3805 1735140119
37 17.2541 1735140119
49 18.5306 1735140119
112 19.8498 1735140119
129 22.6086 1735140119
132 24.5487 1735140119
142 25.3218 1735140119
15 15.51 1735140149
21 17.2945 1735140149
37 17.3327 1735140149
49 18.473 1735140149
112 19.8843 1735140149
129 22.3907 1735140149
132 24.7298 1735140149
142 25.5198 1735140149
