15 15 1731843458
21 17 1731843458
37 18 1731843458
49 19 1731843458
112 20 1731843458
129 23 1731843458
132 24 1731843458
142 25 1731843458
15 15.0723 1731843488
21 17.1597 1731843488
37 18.0881 1731843488
49 18.9067 1731843488
112 19.844 1731843488
129 23.1148 1731843488
132 23.8324 1731843488
142 24.8482 1731843488
15 15.2586 1731843518
21 17.3993 1731843518
37 17.9454 1731843518
49 18.7789 1731843518
112 19.9867 1731843518
129 23.2172 1731843518
132 24.0335 1731843518
142 25.0652 1731843518
15 15.3572 1731843548
21 17.5665 1731843548
37 18.0089 1731843548
49 18.6451 1731843548
112 19.7912 1731843548
129 23.1878 1731843548
132 23.8653 1731843548
142 24.9849 1731843548
15 15.3944 1731843578
21 17.6235 1731843578
37 18.2363 1731843578
49 18.7975 1731843578
112 19.7269 1731843578
129 23.3761 1731843578
132 23.9697 1731843578
142 24.8399 1731843578
15 15.508 1731843608
21 17.3758 1731843608
37 18.4231 1731843608
49 18.9866 1731843608
112 19.5131 1731843608
129 23.3026 1731843608
132 24.1323 1731843608
142 24.9736 1731843608
15 15.6276 1731843638
21 17.2325 1731843638
37 18.208 1731843638
49 19.0674 1731843638
112 19.4119 1731843638
129 23.5031 1731843638
132 24.1552 1731843638
142 24.9798 1731843638
15 15.504 1731843668
21 17.0507 1731843668
37 18.1233 1731843668
49 19.1793 1731843668
112 19.2486 1731843668
129 23.41 1731843668
132 24.3951 1731843668
142 25.1354 1731843668
15 15.6799 1731843698
21 17.1018 1731843698
37 17.9335 1731843698
49 19.0169 1731843698
112 19.3563 1731843698
129 23.5321 1731843698
132 24.2553 1731843698
142 25.0177 1731843698
15 15.5521 1731843728
21 17.0466 1731843728
37 17.7244 1731843728
49 19.0739 1731843728
112 19.3084 1731843728
129 23.6913 1731843728
132 24.0767 1731843728
142 25.142 1731843728
15 15.4347 1731843758
21 17.1658 1731843758
37 17.5742 1731843758
49 19.1954 1731843758
112 19.4677 1731843758
129 23.5808 1731843758
132 24.0423 1731843758
142 25.352 1731843758
15 15.2255 1731843788
21 17.1014 1731843788
37 17.4937 1731843788
49 19.1088 1731843788
112 19.5077 1731843788
129 23.83 1731843788
132 23.9543 1731843788
142 25.541 1731843788
15 15.0696 1731843818
21 17.1618 1731843818
37 17.4861 1731843818
49 19.0927 1731843818
112 19.5911 1731843818
129 23.9715 1731843818
132 24.1601 1731843818
142 25.6048 1731843818
15 15.0505 1731843848
21 16.9709 1731843848
37 17.3828 1731843848
49 18.8539 1731843848
112 19.7885 1731843848
129 24.1099 1731843848
132 24.0538 1731843848
142 25.839 1731843848
15 15.0806 1731843878
21 17.0409 1731843878
37 17.3832 1731843878
49 18.7723 1731843878
112 20.0248 1731843878
129 24.0728 1731843878
132 24.0534 1731843878
142 25.8066 1731843878
15 15.0506 1731843908
21 16.8583 1731843908
37 17.2907 1731843908
49 18.7169 1731843908
112 19.8231 1731843908
129 24.2725 1731843908
132 23.8203 1731843908
142 26.0389 1731843908
15 15.1059 1731843938
21 16.9351 1731843938
37 17.132 1731843938
49 18.8934 1731843938
112 19.8095 1731843938
129 24.3189 1731843938
132 23.8365 1731843938
142 25.8031 1731843938
15 14.8664 1731843968
21 17.1311 1731843968
37 16.9853 1731843968
49 18.9215 1731843968
112 19.8189 1731843968
129 24.4816 1731843968
132 23.8463 1731843968
142 25.591 1731843968
15 14.6941 1731843998
21 17.0435 1731843998
37 16.7664 1731843998
49 18.8259 1731843998
112 19.9398 1731843998
129 24.3037 1731843998
132 23.7034 1731843998
142 25.4737 1731843998
15 14.9367 1731844028
21 17.019 1731844028
37 16.7524 1731844028
49 18.6205 1731844028
112 19.9176 1731844028
129 24.3996 1731844028
132 23.8979 1731844028
142 25.5381 1731844028
15 15.1526 1731844058
21 17.0233 1731844058
37 16.586 1731844058
49 18.4428 1731844058
112 19.9506 1731844058
129 24.6275 1731844058
132 24.0672 1731844058
142 25.2908 1731844058
15 15.3373 1731844088
21 16.8325 1731844088
37 16.7372 1731844088
49 18.5104 1731844088
112 20.0125 1731844088
129 24.7927 1731844088
132 24.1833 1731844088
142 25.1975 1731844088
15 15.347 1731844118
21 16.9407 1731844118
37 16.7174 1731844118
49 18.3022 1731844118
112 19.8805 1731844118
129 24.7128 1731844118
132 23.9463 1731844118
142 25.4417 1731844118
15 15.2366 1731844148
21 16.839 1731844148
37 16.5874 1731844148
49 18.0678 1731844148
112 19.9764 1731844148
129 24.7401 1731844148
132 23.769 1731844148
142 25.5402 1731844148
15 15.3125 1731844178
21 17.0659 1731844178
37 16.7893 1731844178
49 18.3096 1731844178
112 19.9146 1731844178
129 24.5879 1731844178
132 23.6986 1731844178
142 25.6753 1731844178
15 15.5433 1731844208
21 17.2845 1731844208
37 16.9018 1731844208
49 18.5334 1731844208
112 19.7259 1731844208
129 24.4349 1731844208
132 23.7515 1731844208
142 25.496 1731844208
15 15.7769 1731844238
21 17.2618 1731844238
37 16.8908 1731844238
49 18.5817 1731844238
112 19.5616 1731844238
129 24.6742 1731844238
132 23.5353 1731844238
142 25.728 1731844238
15 15.6823 1731844268
21 17.1398 1731844268
37 17.1325 1731844268
49 18.5202 1731844268
112 19.7177 1731844268
129 24.7216 1731844268
132 23.7533 1731844268
142 25.7266 1731844268
15 15.6821 1731844298
21 16.9434 1731844298
37 17.2526 1731844298
49 18.6109 1731844298
112 19.5182 1731844298
129 24.8975 1731844298
132 23.8291 1731844298
142 25.624 1731844298
15 15.5479 1731844328
21 17.0068 1731844328
37 17.4832 1731844328
49 18.6303 1731844328
112 19.4013 1731844328
129 24.9283 1731844328
132 24.0171 1731844328
142 25.4774 1731844328
15 15.5292 1731844358
21 17.0568 1731844358
37 17.6086 1731844358
49 18.4573 1731844358
112 19.4288 1731844358
129 24.979 1731844358
132 24.0637 1731844358
142 25.3373 1731844358
15 15.5497 1731844388
21 17.2084 1731844388
37 17.4922 1731844388
49 18.2146 1731844388
112 19.3285 1731844388
129 25.2104 1731844388
132 23.8293 1731844388
142 25.4334 1731844388
15 15.361 1731844418
21 17.2478 1731844418
37 17.4688 1731844418
49 18.0768 1731844418
112 19.543 1731844418
129 25.0463 1731844418
132 23.8524 1731844418
142 25.2429 1731844418
15 15.2762 1731844448
21 17.4428 1731844448
37 17.3793 1731844448
49 17.9175 1731844448
112 19.5431 1731844448
129 25.0314 1731844448
132 23.7104 1731844448
142 25.0737 1731844448
15 15.4352 1731844478
21 17.3638 1731844478
37 17.5482 1731844478
49 18.0203 1731844478
112 19.3316 1731844478
129 25.2404 1731844478
132 23.7869 1731844478
142 24.9783 1731844478
15 15.6668 1731844508
21 17.471 1731844508
37 17.3867 1731844508
49 17.8994 1731844508
112 19.5542 1731844508
129 25.0699 1731844508
132 23.7698 1731844508
142 24.832 1731844508
15 15.6265 1731844538
21 17.6555 1731844538
37 17.3717 1731844538
49 18.1186 1731844538
112 19.4165 1731844538
129 25.2794 1731844538
132 23.9586 1731844538
142 24.7742 1731844538
15 15.6953 1731844568
21 17.6637 1731844568
37 17.231 1731844568
49 18.1353 1731844568
112 19.618 1731844568
129 25.2486 1731844568
132 23.8241 1731844568
142 24.9387 1731844568
15 15.8383 1731844598
21 17.5183 1731844598
37 17.0907 1731844598
49 17.8979 1731844598
112 19.723 1731844598
129 25.4766 1731844598
132 23.8276 1731844598
142 25.0093 1731844598
15 15.9314 1731844628
21 17.3227 1731844628
37 16.9347 1731844628
49 17.9419 1731844628
112 19.7317 1731844628
129 25.2435 1731844628
132 23.8416 1731844628
142 25.1386 1731844628
15 15.6897 1731844658
21 17.3325 1731844658
37 16.8177 1731844658
49 17.8474 1731844658
112 19.5655 1731844658
129 25.4914 1731844658
132 23.6944 1731844658
142 25.1818 1731844658
15 15.4598 1731844688
21 17.5458 1731844688
37 16.6952 1731844688
49 17.8881 1731844688
112 19.668 1731844688
129 25.7408 1731844688
132 23.477 1731844688
142 25.0397 1731844688
15 15.4833 1731844718
21 17.4391 1731844718
37 16.8054 1731844718
49 17.7901 1731844718
112 19.425 1731844718
129 25.6325 1731844718
132 23.3659 1731844718
142 25.1824 1731844718
15 15.5008 1731844748
21 17.4981 1731844748
37 16.5972 1731844748
49 18 1731844748
112 19.5541 1731844748
129 25.8696 1731844748
132 23.4213 1731844748
142 25.1702 1731844748
15 15.447 1731844778
21 17.5069 1731844778
37 16.5662 1731844778
49 17.9893 1731844778
112 19.4795 1731844778
129 25.8127 1731844778
132 23.183 1731844778
142 25.197 1731844778
15 15.6873 1731844808
21 17.3033 1731844808
37 16.3668 1731844808
49 18.1724 1731844808
112 19.4251 1731844808
129 25.6475 1731844808
132 22.9956 1731844808
142 25.3836 1731844808
15 15.4825 1731844838
21 17.5205 1731844838
37 16.5459 1731844838
49 18.248 1731844838
112 19.5004 1731844838
129 25.7942 1731844838
132 22.9155 1731844838
142 25.2565 1731844838
15 15.3192 1731844868
21 17.3629 1731844868
37 16.5104 1731844868
49 18.4558 1731844868
112 19.3577 1731844868
129 25.9384 1731844868
132 22.8793 1731844868
142 25.0696 1731844868
15 15.1394 1731844898
21 17.3411 1731844898
37 16.7371 1731844898
49 18.6402 1731844898
112 19.5244 1731844898
129 26.1439 1731844898
132 23.1068 1731844898
142 24.8924 1731844898
15 15.0274 1731844928
21 17.2611 1731844928
37 16.5779 1731844928
49 18.889 1731844928
112 19.7165 1731844928
129 26.3292 1731844928
132 23.0633 1731844928
142 24.6956 1731844928
15 15.2735 1731844958
21 17.2665 1731844958
37 16.6367 1731844958
49 18.6422 1731844958
112 19.768 1731844958
129 26.3582 1731844958
132 23.2874 1731844958
142 24.5508 1731844958
15 15.1444 1731844988
21 17.5118 1731844988
37 16.4316 1731844988
49 18.8043 1731844988
112 19.7185 1731844988
129 26.496 1731844988
132 23.0834 1731844988
142 24.5178 1731844988
15 15.3365 1731845018
21 17.7352 1731845018
37 16.2196 1731845018
49 18.8076 1731845018
112 19.5446 1731845018
129 26.3976 1731845018
132 23.0533 1731845018
142 24.356 1731845018
15 15.189 1731845048
21 17.7476 1731845048
37 16.2985 1731845048
49 19.0329 1731845048
112 19.4505 1731845048
129 26.536 1731845048
132 23.2903 1731845048
142 24.3707 1731845048
15 14.981 1731845078
21 17.7979 1731845078
37 16.1243 1731845078
49 19.2643 1731845078
112 19.5018 1731845078
129 26.4099 1731845078
132 23.3435 1731845078
142 24.5074 1731845078
15 14.7409 1731845108
21 17.5539 1731845108
37 16.0277 1731845108
49 19.1946 1731845108
112 19.6483 1731845108
129 26.4056 1731845108
132 23.3728 1731845108
142 24.7557 1731845108
15 14.6556 1731845138
21 17.6961 1731845138
37 16.0103 1731845138
49 19.1836 1731845138
112 19.7934 1731845138
129 26.2037 1731845138
132 23.3261 1731845138
142 24.5356 1731845138
15 14.5886 1731845168
21 17.4936 1731845168
37 15.8684 1731845168
49 19.2585 1731845168
112 19.9704 1731845168
129 26.0126 1731845168
132 23.5559 1731845168
142 24.5206 1731845168
15 14.5987 1731845198
21 17.3663 1731845198
37 16.0716 1731845198
49 19.5077 1731845198
112 19.852 1731845198
129 26.0706 1731845198
132 23.6409 1731845198
142 24.3338 1731845198
15 14.4011 1731845228
21 17.4694 1731845228
37 16.2306 1731845228
49 19.3165 1731845228
112 19.6799 1731845228
129 26.1722 1731845228
132 23.8554 1731845228
142 24.2347 1731845228
15 14.6341 1731845258
21 17.4047 1731845258
37 16.4574 1731845258
49 19.0946 1731845258
112 19.7305 1731845258
129 26.3378 1731845258
132 23.8231 1731845258
142 24.3227 1731845258
15 14.7859 1731845288
21 17.4171 1731845288
37 16.283 1731845288
49 19.0129 1731845288
112 19.5671 1731845288
129 26.5452 1731845288
132 23.973 1731845288
142 24.4329 1731845288
15 14.9039 1731845318
21 17.5069 1731845318
37 16.3706 1731845318
49 19.0727 1731845318
112 19.5287 1731845318
129 26.571 1731845318
132 24.0687 1731845318
142 24.2971 1731845318
15 14.9593 1731845348
21 17.4193 1731845348
37 16.387 1731845348
49 18.8307 1731845348
112 19.6289 1731845348
129 26.339 1731845348
132 23.8786 1731845348
142 24.2164 1731845348
15 15.1656 1731845378
21 17.6126 1731845378
37 16.3866 1731845378
49 19.0737 1731845378
112 19.7255 1731845378
129 26.1288 1731845378
132 24.082 1731845378
142 24.4478 1731845378
15 15.3678 1731845408
21 17.6795 1731845408
37 16.2635 1731845408
49 18.9354 1731845408
112 19.9384 1731845408
129 25.9593 1731845408
132 24.3282 1731845408
142 24.2664 1731845408
15 15.5194 1731845438
21 17.4636 1731845438
37 16.0505 1731845438
49 19.1421 1731845438
112 19.7847 1731845438
129 25.8084 1731845438
132 24.0785 1731845438
142 24.2373 1731845438
15 15.4633 1731845468
21 17.3924 1731845468
37 15.9289 1731845468
49 19.035 1731845468
112 19.8228 1731845468
129 25.964 1731845468
132 24.0264 1731845468
142 24.142 1731845468
15 15.4159 1731845498
21 17.5034 1731845498
37 16.0854 1731845498
49 18.9998 1731845498
112 19.7058 1731845498
129 26.1051 1731845498
132 24.0971 1731845498
142 24.2562 1731845498
15 15.4479 1731845528
21 17.3934 1731845528
37 16.3352 1731845528
49 19.2153 1731845528
112 19.8848 1731845528
129 26.0769 1731845528
132 23.8484 1731845528
142 24.2998 1731845528
15 15.5375 1731845558
21 17.519 1731845558
37 16.558 1731845558
49 18.9706 1731845558
112 19.7393 1731845558
129 26.1455 1731845558
132 23.6112 1731845558
142 24.373 1731845558
15 15.667 1731845588
21 17.5706 1731845588
37 16.7918 1731845588
49 18.9643 1731845588
112 19.5858 1731845588
129 26.1837 1731845588
132 23.4929 1731845588
142 24.5913 1731845588
15 15.6323 1731845618
21 17.6499 1731845618
37 16.6236 1731845618
49 18.7502 1731845618
112 19.7901 1731845618
129 26.1361 1731845618
132 23.5056 1731845618
142 24.4349 1731845618
15 15.4434 1731845648
21 17.8667 1731845648
37 16.6414 1731845648
49 18.6067 1731845648
112 20.0301 1731845648
129 26.1387 1731845648
132 23.6452 1731845648
142 24.5564 1731845648
15 15.6178 1731845678
21 17.8614 1731845678
37 16.4863 1731845678
49 18.8361 1731845678
112 20.08 1731845678
129 26.2092 1731845678
132 23.8207 1731845678
142 24.4676 1731845678
15 15.5077 1731845708
21 17.7978 1731845708
37 16.3066 1731845708
49 18.6174 1731845708
112 20.2675 1731845708
129 26.3723 1731845708
132 23.686 1731845708
142 24.6528 1731845708
15 15.2605 1731845738
21 17.6998 1731845738
37 16.4847 1731845738
49 18.8102 1731845738
112 20.4438 1731845738
129 26.3272 1731845738
132 23.7489 1731845738
142 24.7615 1731845738
15 15.2941 1731845768
21 17.7656 1731845768
37 16.72 1731845768
49 18.7928 1731845768
112 20.3566 1731845768
129 26.2018 1731845768
132 23.6893 1731845768
142 24.6236 1731845768
15 15.4762 1731845798
21 17.6235 1731845798
37 16.7287 1731845798
49 18.7954 1731845798
112 20.1823 1731845798
129 26.4466 1731845798
132 23.696 1731845798
142 24.4281 1731845798
15 15.2332 1731845828
21 17.532 1731845828
37 16.792 1731845828
49 19.0083 1731845828
112 20.1066 1731845828
129 26.4034 1731845828
132 23.9096 1731845828
142 24.5231 1731845828
15 15.2827 1731845858
21 17.424 1731845858
37 16.986 1731845858
49 18.7875 1731845858
112 20.1975 1731845858
129 26.4258 1731845858
132 23.8068 1731845858
142 24.4447 1731845858
15 15.2882 1731845888
21 17.5785 1731845888
37 16.9687 1731845888
49 18.7967 1731845888
112 20.3434 1731845888
129 26.5185 1731845888
132 23.665 1731845888
142 24.4883 1731845888
15 15.1764 1731845918
21 17.7233 1731845918
37 17.0341 1731845918
49 18.6921 1731845918
112 20.1862 1731845918
129 26.6956 1731845918
132 23.6837 1731845918
142 24.405 1731845918
15 15.3419 1731845948
21 17.6664 1731845948
37 17.074 1731845948
49 18.7353 1731845948
112 20.2166 1731845948
129 26.5235 1731845948
132 23.4798 1731845948
142 24.1579 1731845948
15 15.1915 1731845978
21 17.7595 1731845978
37 16.964 1731845978
49 18.7742 1731845978
112 19.9668 1731845978
129 26.4975 1731845978
132 23.6087 1731845978
142 24.1267 1731845978
15 15.158 1731846008
21 17.7636 1731846008
37 17.0254 1731846008
49 18.6331 1731846008
112 19.9973 1731846008
129 26.4053 1731846008
132 23.5593 1731846008
142 24.2086 1731846008
15 15.1394 1731846038
21 17.6414 1731846038
37 16.9414 1731846038
49 18.8598 1731846038
112 20.069 1731846038
129 26.5299 1731846038
132 23.4134 1731846038
142 23.965 1731846038
15 15.0004 1731846068
21 17.6003 1731846068
37 17.159 1731846068
49 18.7643 1731846068
112 19.9838 1731846068
129 26.3434 1731846068
132 23.6229 1731846068
142 23.7944 1731846068
15 15.0133 1731846098
21 17.4792 1731846098
37 17.2009 1731846098
49 19.0032 1731846098
112 20.0122 1731846098
129 26.1275 1731846098
132 23.722 1731846098
142 23.6186 1731846098
15 15.1102 1731846128
21 17.4645 1731846128
37 17.2904 1731846128
49 18.8971 1731846128
112 20.0653 1731846128
129 26.1096 1731846128
132 23.833 1731846128
142 23.7412 1731846128
15 15.284 1731846158
21 17.2675 1731846158
37 17.0673 1731846158
49 18.968 1731846158
112 20.2526 1731846158
129 26.1331 1731846158
132 23.6245 1731846158
142 23.9067 1731846158
15 15.1021 1731846188
21 17.4443 1731846188
37 17.2872 1731846188
49 19.1217 1731846188
112 20.1658 1731846188
129 25.957 1731846188
132 23.5094 1731846188
142 23.6644 1731846188
15 15.2953 1731846218
21 17.6229 1731846218
37 17.0691 1731846218
49 19.2439 1731846218
112 20.0786 1731846218
129 25.9084 1731846218
132 23.4199 1731846218
142 23.4386 1731846218
15 15.4544 1731846248
21 17.6747 1731846248
37 17.3179 1731846248
49 19.4846 1731846248
112 20.2166 1731846248
129 25.6812 1731846248
132 23.53 1731846248
142 23.2457 1731846248
15 15.2142 1731846278
21 17.4483 1731846278
37 17.2269 1731846278
49 19.4538 1731846278
112 20.2846 1731846278
129 25.4632 1731846278
132 23.4002 1731846278
142 23.2879 1731846278
15 15.132 1731846308
21 17.2401 1731846308
37 17.0927 1731846308
49 19.6909 1731846308
112 20.4813 1731846308
129 25.6931 1731846308
132 23.2743 1731846308
142 23.2194 1731846308
15 14.9705 1731846338
21 17.3206 1731846338
37 16.871 1731846338
49 19.8823 1731846338
112 20.2539 1731846338
129 25.4695 1731846338
132 23.2302 1731846338
142 23.2226 1731846338
15 14.9942 1731846368
21 17.235 1731846368
37 16.801 1731846368
49 19.6394 1731846368
112 20.4859 1731846368
129 25.3581 1731846368
132 23.1718 1731846368
142 23.1861 1731846368
15 14.8655 1731846398
21 17.37 1731846398
37 16.8609 1731846398
49 19.4869 1731846398
112 20.6338 1731846398
129 25.4617 1731846398
132 23.3065 1731846398
142 23.2382 1731846398
15 15.0006 1731846428
21 17.5811 1731846428
37 17.0969 1731846428
49 19.3096 1731846428
112 20.4772 1731846428
129 25.5111 1731846428
132 23.3761 1731846428
142 23.1886 1731846428
